Resid Resname PopOuter [,,] PopInner [,,]
219 ILE [0.137,0.551,0.312], [-1,-1,-1]
219 ILE [0.442,0.150,0.408], [0.312,0.137,0.551]
221 ALA [-1,-1,-1], [-1,-1,-1]
222 ILE [0.035,0.025,0.940], [-1,-1,-1]
222 ILE [0.419,0.501,0.080], [0.940,0.035,0.025]
223 VAL [0.442,0.147,0.411], [-1,-1,-1]
223 VAL [0.411,0.442,0.147], [-1,-1,-1]
228 ALA [-1,-1,-1], [-1,-1,-1]
231 ILE [0.010,0.012,0.978], [-1,-1,-1]
231 ILE [0.855,0.124,0.021], [0.978,0.010,0.012]
237 ALA [-1,-1,-1], [-1,-1,-1]
239 VAL [0.005,0.257,0.738], [-1,-1,-1]
239 VAL [0.738,0.005,0.257], [-1,-1,-1]
241 LEU [0.302,0.083,0.615], [0.381,0.002,0.617]
241 LEU [0.623,0.293,0.083], [0.381,0.002,0.617]
244 VAL [0.558,0.037,0.405], [-1,-1,-1]
244 VAL [0.405,0.558,0.037], [-1,-1,-1]
245 VAL [0.274,0.063,0.663], [-1,-1,-1]
245 VAL [0.663,0.274,0.063], [-1,-1,-1]
247 ALA [-1,-1,-1], [-1,-1,-1]
248 ALA [-1,-1,-1], [-1,-1,-1]
249 ALA [-1,-1,-1], [-1,-1,-1]
250 LEU [0.684,0.021,0.295], [0.782,0.040,0.177]
250 LEU [0.298,0.681,0.021], [0.782,0.040,0.177]
254 ILE [0.523,0.022,0.455], [-1,-1,-1]
254 ILE [0.685,0.245,0.070], [0.455,0.523,0.022]
256 ILE [0.266,0.090,0.644], [-1,-1,-1]
256 ILE [0.544,0.380,0.076], [0.644,0.266,0.090]
264 VAL [0.040,0.762,0.198], [-1,-1,-1]
264 VAL [0.198,0.040,0.762], [-1,-1,-1]
267 VAL [0.000,0.037,0.963], [-1,-1,-1]
267 VAL [0.963,0.000,0.037], [-1,-1,-1]
268 VAL [0.179,0.132,0.688], [-1,-1,-1]
268 VAL [0.688,0.179,0.132], [-1,-1,-1]
275 VAL [0.020,0.025,0.956], [-1,-1,-1]
275 VAL [0.956,0.019,0.025], [-1,-1,-1]
276 LEU [0.032,0.009,0.959], [0.011,0.000,0.989]
276 LEU [0.959,0.031,0.009], [0.011,0.000,0.989]
277 ILE [0.000,0.000,1.000], [-1,-1,-1]
277 ILE [0.390,0.356,0.253], [1.000,0.000,0.000]
