Resid Resname PopOuter [,,] PopInner [,,]
219 ILE [0.237,0.458,0.305], [-1,-1,-1]
219 ILE [0.540,0.169,0.292], [0.305,0.237,0.458]
221 ALA [-1,-1,-1], [-1,-1,-1]
222 ILE [0.054,0.037,0.909], [-1,-1,-1]
222 ILE [0.456,0.458,0.086], [0.909,0.054,0.037]
223 VAL [0.496,0.133,0.371], [-1,-1,-1]
223 VAL [0.371,0.495,0.134], [-1,-1,-1]
228 ALA [-1,-1,-1], [-1,-1,-1]
231 ILE [0.031,0.011,0.958], [-1,-1,-1]
231 ILE [0.910,0.064,0.026], [0.958,0.031,0.011]
237 ALA [-1,-1,-1], [-1,-1,-1]
239 VAL [0.002,0.131,0.867], [-1,-1,-1]
239 VAL [0.867,0.002,0.131], [-1,-1,-1]
241 LEU [0.581,0.034,0.385], [0.732,0.000,0.267]
241 LEU [0.394,0.572,0.034], [0.732,0.000,0.267]
244 VAL [0.801,0.010,0.190], [-1,-1,-1]
244 VAL [0.190,0.800,0.010], [-1,-1,-1]
245 VAL [0.678,0.166,0.155], [-1,-1,-1]
245 VAL [0.155,0.678,0.166], [-1,-1,-1]
247 ALA [-1,-1,-1], [-1,-1,-1]
248 ALA [-1,-1,-1], [-1,-1,-1]
249 ALA [-1,-1,-1], [-1,-1,-1]
250 LEU [0.667,0.024,0.309], [0.859,0.008,0.133]
250 LEU [0.313,0.663,0.024], [0.859,0.008,0.133]
254 ILE [0.323,0.034,0.643], [-1,-1,-1]
254 ILE [0.593,0.258,0.150], [0.643,0.323,0.034]
256 ILE [0.307,0.134,0.559], [-1,-1,-1]
256 ILE [0.657,0.256,0.087], [0.559,0.307,0.134]
264 VAL [0.019,0.852,0.129], [-1,-1,-1]
264 VAL [0.129,0.019,0.852], [-1,-1,-1]
267 VAL [0.000,0.094,0.906], [-1,-1,-1]
267 VAL [0.906,0.000,0.094], [-1,-1,-1]
268 VAL [0.170,0.197,0.634], [-1,-1,-1]
268 VAL [0.634,0.170,0.197], [-1,-1,-1]
275 VAL [0.027,0.015,0.958], [-1,-1,-1]
275 VAL [0.958,0.027,0.015], [-1,-1,-1]
276 LEU [0.062,0.003,0.936], [0.027,0.000,0.973]
276 LEU [0.936,0.061,0.003], [0.027,0.000,0.973]
277 ILE [0.000,0.000,1.000], [-1,-1,-1]
277 ILE [0.444,0.401,0.156], [1.000,0.000,0.000]
