Resid Resname PopOuter [,,] PopInner [,,]
219 ILE [0.240,0.158,0.602], [-1,-1,-1]
219 ILE [0.625,0.298,0.077], [0.602,0.240,0.158]
221 ALA [-1,-1,-1], [-1,-1,-1]
222 ILE [0.350,0.123,0.527], [-1,-1,-1]
222 ILE [0.593,0.310,0.096], [0.527,0.350,0.123]
223 VAL [0.724,0.078,0.198], [-1,-1,-1]
223 VAL [0.199,0.723,0.078], [-1,-1,-1]
228 ALA [-1,-1,-1], [-1,-1,-1]
231 ILE [0.000,0.000,1.000], [-1,-1,-1]
231 ILE [0.966,0.034,0.000], [1.000,0.000,0.000]
237 ALA [-1,-1,-1], [-1,-1,-1]
239 VAL [0.000,0.000,1.000], [-1,-1,-1]
239 VAL [1.000,0.000,0.000], [-1,-1,-1]
241 LEU [0.163,0.398,0.439], [0.936,0.000,0.063]
241 LEU [0.446,0.156,0.398], [0.936,0.000,0.063]
244 VAL [0.533,0.043,0.424], [-1,-1,-1]
244 VAL [0.425,0.532,0.043], [-1,-1,-1]
245 VAL [0.167,0.116,0.717], [-1,-1,-1]
245 VAL [0.717,0.167,0.116], [-1,-1,-1]
247 ALA [-1,-1,-1], [-1,-1,-1]
248 ALA [-1,-1,-1], [-1,-1,-1]
249 ALA [-1,-1,-1], [-1,-1,-1]
250 LEU [0.797,0.018,0.185], [0.845,0.010,0.145]
250 LEU [0.187,0.796,0.018], [0.845,0.010,0.145]
254 ILE [0.145,0.073,0.783], [-1,-1,-1]
254 ILE [0.468,0.468,0.064], [0.783,0.145,0.073]
256 ILE [0.263,0.085,0.651], [-1,-1,-1]
256 ILE [0.561,0.373,0.066], [0.651,0.263,0.085]
264 VAL [0.005,0.984,0.012], [-1,-1,-1]
264 VAL [0.012,0.004,0.984], [-1,-1,-1]
267 VAL [0.000,0.050,0.950], [-1,-1,-1]
267 VAL [0.950,0.000,0.050], [-1,-1,-1]
268 VAL [0.178,0.107,0.715], [-1,-1,-1]
268 VAL [0.715,0.178,0.107], [-1,-1,-1]
275 VAL [0.034,0.000,0.966], [-1,-1,-1]
275 VAL [0.966,0.034,0.000], [-1,-1,-1]
276 LEU [0.050,0.005,0.945], [0.025,0.000,0.975]
276 LEU [0.945,0.050,0.005], [0.025,0.000,0.975]
277 ILE [0.000,0.000,1.000], [-1,-1,-1]
277 ILE [0.085,0.881,0.034], [1.000,0.000,0.000]
