INFO
Type	NOE	NOE	NOE	R1	R1	R1	R1p	R1p	R1p
v0	700	600	400	700	600	400	600	600	600
v1	0	0	0	0	0	0	18.9	13.9	11.6
vr	0	0	0	0	0	0	5	5	5
Nuc	13CHD2	13CHD2	13CHD2	13CHD2	13CHD2	13CHD2	13CHD2	13CHD2	13CHD2	
END

DATA
R
0.0888	0.0888	0.1043	0.2915	0.3216	0.4221	61.0000	111.0000	140.0000	
0.5320	0.4394	0.3651	1.4271	1.4171	1.0452	41.0000	81.0000	67.0000	
0.1485	0.1671	0.1492	0.4121	0.4925	0.4824	30.0000	41.0000	58.0000	
0.2285	0.2167	0.2373	0.5628	0.6231	0.6734	45.0000	95.0000	86.0000	
0.2633	0.1801	0.4356	0.6834	0.5628	0.7236	50.0000	132.0000	65.0000	
0.2117	0.1500	0.1220	0.5327	0.6030	0.6935	20.0000	29.0000	42.0000	
0.5230	0.4326	0.4042	1.2261	1.2965	1.1658	27.0000	51.0000	45.0000	
0.2223	0.1979	0.1965	0.5930	0.5729	0.6332	29.0000	46.0000	51.0000	
0.3688	0.3518	0.2042	0.9146	0.9648	0.6935	32.0000	59.0000	60.0000	
0.2937	0.2892	0.3137	0.7136	0.7940	0.9045	29.0000	41.0000	49.0000	
0.1899	0.1480	0.1630	0.5126	0.5126	0.6131	14.0000	18.0000	25.0000	
0.3680	0.3075	0.2392	0.9246	0.9950	0.8643	23.0000	46.0000	43.0000	
0.2858	0.2398	0.2492	0.7236	0.6432	0.5427	26.0000	32.0000	36.0000	

Rstd
0.0031	0.0056	0.0099	0.0101	0.0201	0.0402	4.0000	14.0000	19.0000	
0.0225	0.0280	0.0667	0.0603	0.0905	0.1910	3.0000	14.0000	7.0000	
0.0036	0.0068	0.0155	0.0101	0.0201	0.0503	2.0000	4.0000	4.0000	
0.0041	0.0105	0.0567	0.0101	0.0302	0.1608	2.0000	11.0000	7.0000	
0.0116	0.0129	0.0423	0.0302	0.0402	0.0704	6.0000	59.0000	6.0000	
0.0080	0.0100	0.0088	0.0201	0.0402	0.0503	1.0000	2.0000	3.0000	
0.0257	0.0201	0.0732	0.0603	0.0603	0.2111	2.0000	7.0000	4.0000	
0.0075	0.0104	0.0312	0.0201	0.0302	0.1005	2.0000	5.0000	7.0000	
0.0081	0.0293	0.0207	0.0201	0.0804	0.0704	2.0000	6.0000	5.0000	
0.0083	0.0183	0.0488	0.0201	0.0503	0.1407	1.0000	4.0000	2.0000	
0.0074	0.0058	0.0134	0.0201	0.0201	0.0503	1.0000	1.0000	1.0000	
0.0080	0.0186	0.0111	0.0201	0.0603	0.0402	1.0000	5.0000	3.0000	
0.0357	0.0450	0.0323	0.0905	0.1206	0.0704	5.0000	5.0000	20.0000	

S2
0.0214
0.0560
0.0452
0.0565
0.0509
0.0628
0.0527
0.0711
0.0716
0.0536
0.0452
0.0633
0.0157


S2std
0.0688
0.0270
0.0124
0.0147
0.0334
0.0351
0.0350
0.0254
0.0188
0.0089
0.0277
0.0194
0.1390


label
222Ile
228Ala
231Ile
237Ala
239Val
241Leu
244Val
247Ala
248Ala
264Val
268Val
276Leu
277Ile

END
